1 9 62.8319 28.2743
R=6 O=37.69911 P=113.09734
R=1.00000 H=9.00000 P=62.83185 V=28.27433
